3.166976 -0.720783 7.753906 2.489505 240 512 98
6.360503
6.102645
6.356705
6.253292
6.362797
6.157535
6.346348
6.136696
6.361912
5.930746
6.380240
5.959950
6.365477
5.437071
6.365380
5.177079
6.369529
5.013918
6.363084
3.728479
6.380139
2.373223
6.366493
3.062715
6.363142
4.072554
6.365977
4.570065
6.361388
4.875479
6.359672
5.442590
6.344593
5.576340
6.352781
5.592715
6.369006
5.675161
6.360604
5.663459
6.353731
5.618717
6.363922
5.727908
6.343672
5.706160
6.370994
5.722941
6.363775
5.676420
6.358992
5.807209
6.371724
5.806261
6.355080
5.497646
6.345370
5.937677
6.379268
5.920008
6.352545
5.981871
6.343853
6.046648
6.369558
6.189863
6.369054
6.178409
6.365868
6.057263
6.372433
6.008390
6.364338
6.118952
6.351215
6.109583
6.367442
5.767976
6.349579
6.108317
6.387411
5.986401
6.397696
6.242225
6.407399
6.157335
6.398900
6.133883
6.397620
6.004263
6.406078
5.934234
6.414058
5.442231
6.404340
5.078862
6.404478
5.111430
6.379524
4.418928
6.394647
3.310826
6.391064
3.562130
6.397302
4.036705
6.396704
4.874934
6.403688
5.194317
6.386042
5.458284
6.388709
5.564383
6.397345
5.598733
6.391964
5.666679
6.390746
5.658278
6.389774
5.601660
6.411595
5.692938
6.403404
5.743470
6.395158
5.589836
6.398206
5.672035
6.405231
5.807921
6.399576
5.784287
6.395769
5.536215
6.405432
5.906781
6.394764
6.004107
6.398522
5.935708
6.399908
6.039969
6.397795
6.126771
6.407535
6.140563
6.399720
6.089267
6.406803
5.996615
6.393536
6.028008
6.386397
6.166565
6.403338
5.979243
6.412815
6.144473
6.395081
6.186312
6.388098
6.185035
6.399929
6.212512
6.388883
6.219536
6.408359
6.013941
6.407167
5.652064
6.398523
5.860165
6.402897
2.253353
6.388234
4.648512
6.386932
4.217052
6.396144
4.763095
6.400627
4.608813
6.413925
4.370601
6.409012
4.716856
6.402952
5.176790
6.407558
5.463621
6.404237
5.484620
6.412005
5.481667
6.407057
5.591077
6.394122
5.549101
6.403794
5.663383
6.401531
5.662608
6.392120
5.738293
6.401422
5.454627
6.418525
5.736615
6.397659
5.780444
6.388907
5.783917
6.404956
5.534454
6.390151
5.850347
6.395500
5.974626
6.400722
5.951606
6.418821
6.035637
6.395015
6.095418
6.409923
6.126021
6.405136
6.050283
6.405964
6.093510
6.387154
6.059488
6.395243
6.215866
6.407676
6.076217
6.399303
6.197574
