54 51
44 42
10.110455 1.589880
10.025089 1.689647
10.440021 1.617776
9.455683 1.608633
10.370232 1.853514
10.608893 1.984120
9.799582 1.908459
11.294825 1.765281
10.562298 1.661441
10.138716 1.691214
8.966754 1.655490
6.283508 1.626264
4.463936 1.663649
4.375879 1.558381
4.998162 1.546929
4.819399 1.587783
4.937746 1.657594
4.662399 1.809169
5.530323 1.767531
6.435664 1.783585
5.638696 1.749587
5.885062 1.742267
5.241217 1.824098
4.335424 1.778974
7.415294 1.777970
6.675928 1.816181
4.711407 1.713721
5.722239 1.629055
6.479970 1.660587
6.164702 1.671578
4.768485 1.723627
4.836769 1.593248
4.251751 1.613237
4.381285 1.614993
4.130545 1.661866
6.076256 1.866522
8.028431 1.755453
7.797436 1.624915
6.773617 1.621700
5.811550 1.552875
5.789510 1.556138
5.703678 1.754425
6.907137 1.693950
6.753691 1.711812
5.939341 1.713169
5.002937 1.690759
10.591663 1.673167
9.233552 1.638920
9.839452 1.677227
9.659191 1.782033
10.709920 1.775097
9.096744 1.847173
10.606619 2.014151
10.617762 1.875489
10.240269 1.705882
10.618865 1.678583
8.842666 1.815954
9.701229 1.920718
10.315062 1.857304
11.044967 1.831744
10.389677 1.828725
10.848864 1.852868
11.342047 1.977887
10.044653 2.024911
10.842280 1.980564
10.212967 1.832144
10.374402 1.791923
9.369157 2.004317
6.757594 1.635809
6.504955 1.762914
7.733077 1.618053
5.169338 1.681334
5.223459 1.726485
5.221390 1.790800
5.434774 1.755129
5.178527 1.712061
5.571088 1.647616
10.296402 1.882670
10.828218 1.887242
7.448032 1.785277
9.304791 1.698045
9.857833 1.792056
10.921243 1.768862
9.963889 1.849188
7.213591 1.794647
8.558308 1.840700
7.744504 1.757199
10.546668 1.628736
8.025182 1.851543
8.038706 1.717098
9.034368 1.892311
10.241787 1.817884
10.252627 1.897463
10.519723 2.015582
9.895502 2.011424
10.182618 1.989723
9.092746 2.025540
9.531387 2.189477
