10.110454 1.589880
10.025088 1.689647
10.440021 1.617775
9.455683 1.608633
10.370231 1.853514
10.608893 1.984120
9.799582 1.908458
11.294825 1.765281
10.562297 1.661440
10.138716 1.691214
8.966753 1.655490
6.283508 1.626264
4.463936 1.663649
4.375880 1.558381
4.998162 1.546929
4.819399 1.587783
4.937746 1.657593
4.662399 1.809168
5.530323 1.767531
6.435664 1.783584
5.638696 1.749587
5.885061 1.742267
5.241217 1.824098
4.335423 1.778974
7.415294 1.777969
6.675928 1.816181
4.711408 1.713721
5.722239 1.629055
6.479970 1.660586
6.164702 1.671578
4.768484 1.723626
4.836769 1.593248
4.251751 1.613237
4.381285 1.614992
4.130546 1.661866
6.076256 1.866522
8.028431 1.755452
7.797436 1.624915
6.773617 1.621699
5.811550 1.552875
5.789510 1.556137
5.703678 1.754425
6.907137 1.693950
6.753690 1.711812
5.939340 1.713168
5.002936 1.690758
10.591663 1.673166
9.233551 1.638919
9.839451 1.677226
9.659191 1.782033
10.709920 1.775097
9.096743 1.847172
10.606619 2.014151
10.617761 1.875489
10.240269 1.705881
10.618864 1.678582
8.842666 1.815954
9.701228 1.920717
10.315062 1.857304
11.044967 1.831744
10.389677 1.828725
10.848864 1.852868
11.342047 1.977886
10.044652 2.024911
10.842280 1.980564
10.212967 1.832143
10.374401 1.791923
9.369157 2.004317
6.757594 1.635809
6.504954 1.762914
7.733077 1.618053
5.169338 1.681333
5.223459 1.726485
5.221390 1.790800
5.434773 1.755129
5.178527 1.712060
5.571088 1.647616
10.296401 1.882670
10.828218 1.887241
7.448031 1.785277
9.304790 1.698044
9.857833 1.792055
10.921243 1.768862
9.963888 1.849188
7.213591 1.794646
8.558308 1.840700
7.744504 1.757199
10.546667 1.628736
8.025182 1.851542
8.038705 1.717097
9.034368 1.892310
10.241787 1.817883
10.252627 1.897463
10.519722 2.015582
9.895501 2.011424
10.182617 1.989722
9.092745 2.025540
9.531386 2.189477
