40
-1.500000 7.500000 114.080000
-8.500000 -1.500000 136.160000
-0.500000 -2.000000 114.080000
7.500000 -6.000000 0.460000
-9.500000 7.000000 136.160000
-7.500000 -3.000000 172.960000
2.000000 2.000000 121.440000
2.000000 5.500000 172.960000
7.500000 -3.000000 0.920000
-2.500000 6.000000 143.520000
-9.500000 -4.000000 82.800000
1.000000 -0.500000 97.520000
3.000000 7.500000 75.440000
-0.500000 5.000000 97.520000
8.500000 1.500000 0.920000
-7.000000 4.000000 235.520000
2.000000 -6.000000 114.080000
5.000000 7.500000 180.320000
9.500000 -5.000000 0.460000
1.000000 -4.000000 101.200000
-3.500000 7.500000 108.560000
9.500000 -1.000000 0.460000
0.500000 7.000000 60.720000
-9.500000 3.500000 86.480000
8.000000 7.000000 46.920000
0.500000 -7.000000 104.880000
4.000000 -5.500000 0.460000
-0.500000 1.500000 48.760000
5.000000 5.000000 150.880000
-8.000000 1.000000 128.800000
-4.000000 5.000000 180.320000
7.000000 0.000000 1.840000
-10.000000 0.500000 34.040000
7.500000 4.000000 26.680000
-8.000000 7.000000 101.200000
-9.500000 -7.000000 60.720000
5.500000 -5.000000 0.920000
3.500000 5.000000 195.040000
9.000000 -7.500000 0.460000
10.000000 3.000000 2.300000
